Webots Project File version R2021a
perspectives: 000000ff00000000fd0000000300000000000000690000033bfc0100000002fb0000001e00480074006d006c0052006f0062006f007400570069006e0064006f00770100000000000000690000000000000000fb0000001a0044006f00630075006d0065006e0074006100740069006f006e0000000000ffffffff0000006900ffffff00000001000001eb000002a9fc0200000001fb0000001400540065007800740045006400690074006f00720100000016000002a90000008900ffffff000000030000073b00000090fc0100000002fb0000000e0043006f006e0073006f006c006501000000000000073b0000000000000000fb0000001a0043006f006e0073006f006c00650041006c006c0041006c006c01000000000000073b0000006900ffffff0000054e000002a900000001000000020000000100000008fc00000000
simulationViewPerspectives: 000000ff00000001000000020000019e000003ae0100000002010000000100
sceneTreePerspectives: 000000ff0000000100000002000000c0000000fa0100000002010000000200
maximizedDockId: -1
centralWidgetVisible: 1
orthographicViewHeight: 1
textFiles: 0 "../../controllers/sensor_test/sensor_test.c"
consoles: Console:All:All
renderingDevicePerspectives: Yanshee:camera;0;1.23333;0.00212314;0
